records\skills\spirit\spiritmastery.dbr
----
defensiveLife,1.000000;2.000000;3.000000;4.000000;5.000000;6.000000;7.000000;8.000000;9.000000;10.000000;10.000000;11.000000;11.000000;12.000000;12.000000;13.000000;13.000000;14.000000;14.000000;15.000000;15.000000;15.000000;15.000000;16.000000;16.000000;16.000000;16.000000;17.000000;17.000000;17.000000;17.000000;18.000000;18.000000;18.000000;18.000000;19.000000;19.000000;19.000000;19.000000;20.000000,
----
records\skills\nature\naturemastery.dbr
----
defensivePoison,1.000000;2.000000;3.000000;4.000000;5.000000;6.000000;7.000000;8.000000;9.000000;10.000000;10.000000;11.000000;11.000000;12.000000;12.000000;13.000000;13.000000;14.000000;14.000000;15.000000;15.000000;15.000000;15.000000;16.000000;16.000000;16.000000;16.000000;17.000000;17.000000;17.000000;17.000000;18.000000;18.000000;18.000000;18.000000;19.000000;19.000000;19.000000;19.000000;20.000000,
----
records\skills\stealth\stealthmastery.dbr
----
defensivePoison,1.000000;2.000000;3.000000;4.000000;5.000000;6.000000;7.000000;8.000000;9.000000;10.000000;10.000000;11.000000;11.000000;12.000000;12.000000;13.000000;13.000000;14.000000;14.000000;15.000000;15.000000;15.000000;15.000000;16.000000;16.000000;16.000000;16.000000;17.000000;17.000000;17.000000;17.000000;18.000000;18.000000;18.000000;18.000000;19.000000;19.000000;19.000000;19.000000;20.000000,
----
records\skills\hunting\huntingmastery.dbr
----
defensiveBleeding,1.000000;2.000000;3.000000;4.000000;5.000000;6.000000;7.000000;8.000000;9.000000;10.000000;10.000000;11.000000;11.000000;12.000000;12.000000;13.000000;13.000000;14.000000;14.000000;15.000000;15.000000;15.000000;15.000000;16.000000;16.000000;16.000000;16.000000;17.000000;17.000000;17.000000;17.000000;18.000000;18.000000;18.000000;18.000000;19.000000;19.000000;19.000000;19.000000;20.000000,
----
records\skills\storm\stormmastery.dbr
----
defensiveCold,1.000000;2.000000;3.000000;4.000000;5.000000;6.000000;7.000000;8.000000;9.000000;10.000000;10.000000;11.000000;11.000000;12.000000;12.000000;13.000000;13.000000;14.000000;14.000000;15.000000;15.000000;15.000000;15.000000;16.000000;16.000000;16.000000;16.000000;17.000000;17.000000;17.000000;17.000000;18.000000;18.000000;18.000000;18.000000;19.000000;19.000000;19.000000;19.000000;20.000000,
----
records\skills\earth\earthmastery.dbr
----
defensiveFire,1.000000;2.000000;3.000000;4.000000;5.000000;6.000000;7.000000;8.000000;9.000000;10.000000;10.000000;11.000000;11.000000;12.000000;12.000000;13.000000;13.000000;14.000000;14.000000;15.000000;15.000000;15.000000;15.000000;16.000000;16.000000;16.000000;16.000000;17.000000;17.000000;17.000000;17.000000;18.000000;18.000000;18.000000;18.000000;19.000000;19.000000;19.000000;19.000000;20.000000,
----
records\skills\defensive\defensivemastery.dbr
----
defensivePierce,1.000000;2.000000;3.000000;4.000000;5.000000;6.000000;7.000000;8.000000;9.000000;10.000000;10.000000;11.000000;11.000000;12.000000;12.000000;13.000000;13.000000;14.000000;14.000000;15.000000;15.000000;15.000000;15.000000;16.000000;16.000000;16.000000;16.000000;17.000000;17.000000;17.000000;17.000000;18.000000;18.000000;18.000000;18.000000;19.000000;19.000000;19.000000;19.000000;20.000000,
----
records\skills\warfare\warfaremastery.dbr
----
defensiveBleeding,1.000000;2.000000;3.000000;4.000000;5.000000;6.000000;7.000000;8.000000;9.000000;10.000000;10.000000;11.000000;11.000000;12.000000;12.000000;13.000000;13.000000;14.000000;14.000000;15.000000;15.000000;15.000000;15.000000;16.000000;16.000000;16.000000;16.000000;17.000000;17.000000;17.000000;17.000000;18.000000;18.000000;18.000000;18.000000;19.000000;19.000000;19.000000;19.000000;20.000000,
----
records\xpack\skills\dream\dreammastery.dbr
----
defensiveLightning,1.000000;2.000000;3.000000;4.000000;5.000000;6.000000;7.000000;8.000000;9.000000;10.000000;10.000000;11.000000;11.000000;12.000000;12.000000;13.000000;13.000000;14.000000;14.000000;15.000000;15.000000;15.000000;15.000000;16.000000;16.000000;16.000000;16.000000;17.000000;17.000000;17.000000;17.000000;18.000000;18.000000;18.000000;18.000000;19.000000;19.000000;19.000000;19.000000;20.000000,
----
records\xpack2\skills\runemaster\runemaster_mastery.dbr
----
defensiveLife,1.000000;2.000000;3.000000;4.000000;5.000000;6.000000;7.000000;8.000000;9.000000;10.000000;10.000000;11.000000;11.000000;12.000000;12.000000;13.000000;13.000000;14.000000;14.000000;15.000000;15.000000;15.000000;15.000000;16.000000;16.000000;16.000000;16.000000;17.000000;17.000000;17.000000;17.000000;18.000000;18.000000;18.000000;18.000000;19.000000;19.000000;19.000000;19.000000;20.000000,
----
records\skills\nature\heartofoak_permanence.dbr
----
defensiveElementalResistance,6.000000;9.000000;12.000000;14.000000;16.000000;18.000000;20.000000;22.000000;24.000000;26.000000,
----
records\skills\hunting\herbalism_buff.dbr
----
defensivePoison,20.000000;27.000000;34.000000;41.000000;48.000000;55.000000;62.000000;69.000000;76.000000;83.000000,
----
records\xpack2\skills\runemaster\liferune_buff.dbr
----
defensiveLife,6.000000;9.000000;12.000000;15.000000;18.000000;21.000000;24.000000;27.000000;30.000000;33.000000;36.000000;39.000000;42.000000;45.000000,

