records\game\monstergamebalanceattributes.dbr
records\game\bossgamebalanceattributes.dbr
----
characterStrength,0.000000;5.000000;10.000000;15.000000;20.000000;25.000000;125.000000;130.000000;135.000000;140.000000;145.000000;150.000000;250.000000;255.000000;260.000000;265.000000;270.000000;275.000000,
characterIntelligence,0.000000;5.000000;10.000000;15.000000;20.000000;25.000000;125.000000;130.000000;135.000000;140.000000;145.000000;150.000000;250.000000;255.000000;260.000000;265.000000;270.000000;275.000000,
characterDexterity,0.000000;5.000000;10.000000;15.000000;20.000000;25.000000;125.000000;130.000000;135.000000;140.000000;145.000000;150.000000;250.000000;255.000000;260.000000;265.000000;270.000000;275.000000,

offensivePhysicalModifier,0.000000;27.000000;31.000000;34.000000;38.000000;41.000000;50.000000;76.000000;79.000000;83.000000;86.000000;90.000000;90.000000;116.000000;122.000000;127.000000;131.000000;137.000000,
offensivePierceModifier,0.000000;5.000000;10.000000;15.000000;20.000000;25.000000;10.000000;15.000000;20.000000;25.000000;30.000000;35.000000;20.000000;25.000000;30.000000;35.000000;40.000000;45.000000,

offensiveFireModifier,0.000000;5.000000;10.000000;15.000000;20.000000;25.000000;62.000000;67.000000;72.000000;77.000000;81.000000;86.000000;80.000000;83.000000;87.000000;91.000000;94.000000;98.000000,
offensiveColdModifier,0.000000;5.000000;10.000000;15.000000;20.000000;25.000000;62.000000;67.000000;72.000000;77.000000;81.000000;86.000000;80.000000;83.000000;87.000000;91.000000;94.000000;98.000000,
offensiveLightningModifier,0.000000;5.000000;10.000000;15.000000;20.000000;25.000000;62.000000;67.000000;72.000000;77.000000;81.000000;86.000000;80.000000;83.000000;87.000000;91.000000;94.000000;98.000000,
offensiveSlowLightningModifier,0.000000;5.000000;10.000000;15.000000;20.000000;25.000000;62.000000;67.000000;72.000000;77.000000;81.000000;86.000000;80.000000;83.000000;87.000000;91.000000;94.000000;98.000000,
offensiveSlowLifeModifier,0.000000;5.000000;10.000000;15.000000;20.000000;25.000000;62.000000;67.000000;72.000000;77.000000;81.000000;86.000000;80.000000;83.000000;87.000000;91.000000;94.000000;98.000000,

offensivePoisonModifier,0.000000;3.000000;6.000000;9.000000;12.000000;15.000000;44.000000;47.000000;50.000000;53.000000;56.000000;59.000000;66.000000;69.000000;72.000000;75.000000;78.000000;81.000000,
offensiveLifeModifier,0.000000;3.000000;5.000000;8.000000;10.000000;13.000000;35.000000;37.000000;40.000000;42.000000;45.000000;47.000000;48.000000;50.000000;52.000000;55.000000;57.000000;59.000000,

offensiveSlowBleedingModifier,0.000000;5.000000;10.000000;15.000000;20.000000;25.000000;48.000000;53.000000;58.000000;62.000000;67.000000;72.000000;69.000000;72.000000;76.000000;80.000000;83.000000;87.000000,
offensiveSlowColdModifier,0.000000;5.000000;10.000000;15.000000;20.000000;25.000000;48.000000;53.000000;58.000000;62.000000;67.000000;72.000000;69.000000;72.000000;76.000000;80.000000;83.000000;87.000000,
offensiveSlowFireModifier,0.000000;5.000000;10.000000;15.000000;20.000000;25.000000;48.000000;53.000000;58.000000;62.000000;67.000000;72.000000;69.000000;72.000000;76.000000;80.000000;83.000000;87.000000,
offensiveSlowPoisonModifier,0.000000;5.000000;10.000000;15.000000;20.000000;25.000000;48.000000;53.000000;58.000000;62.000000;67.000000;72.000000;69.000000;72.000000;76.000000;80.000000;83.000000;87.000000,

characterSpellCastSpeedModifier,0.000000;0.000000;0.000000;0.000000;0.000000;0.000000;8.000000;8.000000;8.000000;8.000000;8.000000;8.000000;16.000000;16.000000;16.000000;16.000000;16.000000;16.000000,

characterOffensiveAbility,0.000000;0.000000;0.000000;0.000000;0.000000;0.000000;200.000000;200.000000;200.000000;200.000000;200.000000;200.000000;305.000000;305.000000;305.000000;305.000000;305.000000;305.000000,
characterDefensiveAbility,0.000000;0.000000;0.000000;0.000000;0.000000;0.000000;225.000000;225.000000;225.000000;225.000000;225.000000;225.000000;350.000000;350.000000;350.000000;350.000000;350.000000;350.000000,
----
records\game\bossgamebalanceattributes.dbr
----
offensiveLightningMin,0.000000,
--------------------------------------------------------------------------------
records\skills\monster skills\attack_melee\charge_concussivedamage.dbr
----
offensivePhysicalMax,24.000000;27.000000;30.000000;34.000000;37.000000;40.000000;43.000000;46.000000;50.000000;53.000000;56.000000;59.000000;62.000000;66.000000;69.000000;72.000000;75.000000;78.000000;82.000000;85.000000,
----
records\skills\monster skills\passive_buffs\physdmg_meleeonly02.dbr
----
offensivePhysicalMin,0.000000;45.000000;135.000000,
----
records\skills\monster skills\passive_buffs\physdmg_meleeonly01.dbr
----
offensivePhysicalMin,0.000000;53.000000;160.000000,
----
records\skills\monster skills\passive_buffs\physdmg_meleeonly.dbr
----
offensivePhysicalMin,0.000000;85.000000;250.000000,