records\skills\misc\pet_difficultydamagescaling.dbr
----
characterDexterity,150.000000;300.000000,
characterDefensiveAbility,-150.000000;-300.000000,
characterOffensiveAbility,-150.000000;-300.000000,
offensiveSlowPoisonModifier,0.000000,
offensiveSlowBleedingModifier,0.000000,
offensivePoisonModifier,0.000000,
offensivePierceModifier,15.000000;30.000000,
--------------------------------------------------------------------------------
records\skills\stealth\bladehoningbuff.dbr
----
offensivePhysicalModifier,10.000000;11.000000;12.000000;13.000000;14.000000;15.000000;16.000000;17.000000;18.000000;20.000000,
----
records\skills\stealth\throwingknife.dbr
----
projectilePiercingChance,10.000000;10.000000;10.000000;11.000000;11.000000;11.000000;12.000000;12.000000;12.000000;13.000000;13.000000;13.000000;14.000000;14.000000;14.000000;15.000000,
----
records\skills\stealth\disarmtraps.dbr
----
racialBonusPercentDamage,20.000000;35.000000;50.000000;68.000000;86.000000;108.000000;130.000000;153.000000;176.000000;200.000000,
racialBonusPercentDefense,10.000000;18.000000;25.000000;31.000000;37.000000;42.000000;47.000000;52.000000;56.000000;60.000000,
characterDexterityModifier,4.000000;6.000000;8.000000;9.000000;9.000000;10.000000;10.000000;10.000000;10.000000;10.000000,
----
records\skills\stealth\anatomy.dbr
----
offensiveSlowBleedingModifier,32.000000;41.000000;50.000000;60.000000;71.000000;83.000000;96.000000;110.000000;125.000000;142.000000;160.000000;180.000000,
offensiveSlowBleedingDurationModifier,16.000000;19.000000;23.000000;27.000000;30.000000;33.000000;33.000000;33.000000;33.000000;33.000000;33.000000;33.000000,
defensiveBleeding,8.000000;12.000000;14.000000;15.000000;15.000000;16.000000;16.000000;16.000000;16.000000;16.000000;16.000000;16.000000,
----
records\skills\stealth\envenomweapon_neurotoxin.dbr
----
offensiveSlowPoisonModifier,0.000000,
offensiveTotalResistanceReductionAbsoluteMin,9.000000;10.000000;11.000000;12.000000;13.000000;14.000000;15.000000;16.000000;17.000000;18.000000;19.000000;20.000000,
offensiveTotalResistanceReductionAbsoluteDurationMin,5.000000,
offensiveSlowTotalSpeedMin,10.000000;14.000000;18.000000;21.000000;24.000000;27.000000;30.000000;32.000000;34.000000;36.000000;38.000000;40.000000,
----
records\skills\stealth\toxindistillation.dbr
----
offensiveSlowPoisonModifier,10.000000;20.000000;30.000000;40.000000;50.000000;61.000000;72.000000;83.000000;94.000000;106.000000;118.000000;130.000000;142.000000;154.000000;167.000000;180.000000,
offensiveSlowPoisonDurationModifier,10.000000;16.000000;22.000000;28.000000;34.000000;40.000000;46.000000;52.000000;58.000000;64.000000;70.000000;76.000000;82.000000;88.000000;94.000000;100.000000,
----
records\skills\stealth\envenomweapon_delirium.dbr
----
offensiveConfusionChance,0.000000,
offensiveConfusionMin,0.000000,
offensiveConfusionMax,0.000000,
offensivePetrifyChance,6.000000;8.000000;10.000000;12.000000;14.000000;16.000000;17.000000;18.000000;19.000000;20.000000;21.000000;22.000000,
offensivePetrifyMin,1.600000;1.600000;1.600000;1.600000;1.600000;1.600000;1.600000;1.600000;1.600000;1.600000;1.600000;1.600000,
offensivePetrifyMax,2.000000;2.200000;2.400000;2.600000;2.800000;3.000000;3.200000;3.400000;3.600000;3.800000;4.000000;4.200000,
offensiveFumbleMin,15.000000;20.000000;25.000000;30.000000;35.000000;39.000000;43.000000;47.000000;51.000000;54.000000;57.000000;60.000000,
offensiveFumbleDurationMin,3.000000,
----
records\skills\stealth\lethalstrike.dbr
----
Class,Skill_AttackWeaponCharge,
characterRunSpeedModifier,100.000000,
skillAllowsWarmUp,1,
----
records\xpack3\skills\allmasteries\rogue_bladebarrier.dbr
----
spawnObjectsSpacingAngle,360.000000,
spawnObjectsDistanceInnerCircle,0.000000,
projectileExplosionRadius,5.000000,
----
records\xpack3\effects\masteryfx\bbarrier_projectile.dbr
----
scale,2.500000,
maxTransparency,0.300000,
--------------------------------------------------------------------------------
records\skills\warfare\battlerage.dbr
----
skillCooldownTime,12.000000;11.800000;11.600000;11.400000;11.200000;11.000000;10.800000;10.600000;10.400000;10.200000;10.000000;9.800000;9.600000;9.400000;9.200000;9.000000,
----
records\skills\warfare\dualweapontraining.dbr
----
offensivePhysicalMin,8.000000;10.000000;12.000000;14.000000;16.000000;18.000000;21.000000;24.000000;28.000000;32.000000,
skillChanceWeight,12;15;17;20;22;24;25;27;29;30,
----
records\skills\warfare\dualwieldtechnique_jumpslash.dbr
records\skills\warfare\dualwieldtechnique_crosscut.dbr
records\skills\warfare\dualwieldtechnique_tumult.dbr
----
skillChanceWeight,3;5;7;8;10;11;12;13;14;15,
----
records\skills\warfare\onslaught.dbr
----
skillChargeDuration,1.650000;1.600000;1.550000;1.500000;1.500000;1.500000;1.500000;1.500000;1.500000;1.450000;1.400000;1.350000,
offensivePhysicalModifier,10.000000;13.000000;16.000000;19.000000;22.000000;26.000000;30.000000;34.000000;38.000000;42.000000;46.000000;50.000000,
characterStrengthModifier,10.000000;13.000000;16.000000;19.000000;22.000000;26.000000;30.000000;34.000000;38.000000;42.000000;46.000000;50.000000,
skillChargeAura,Records\Effects\Warfare\Onslaught_01_FX.dbr;Records\Effects\Warfare\Onslaught_02_FX.dbr;Records\Effects\Warfare\Onslaught_02_FX.dbr;Records\Effects\Warfare\Onslaught_03_FX.dbr;Records\Effects\Warfare\Onslaught_03_FX.dbr;Records\Effects\Warfare\Onslaught_04_FX.dbr;Records\Effects\Warfare\Onslaught_04_FX.dbr;Records\Effects\Warfare\Onslaught_05_FX.dbr;Records\Effects\Warfare\Onslaught_05_FX.dbr;Records\Effects\Warfare\Onslaught_05_FX.dbr;Records\Effects\Warfare\Onslaught_06_FX.dbr;Records\Effects\Warfare\Onslaught_06_FX.dbr,
----
records\skills\warfare\onslaught_hamstring.dbr
----
offensiveSlowDefensiveAbilityMin,12.000000;15.000000;18.000000;21.000000;24.000000;27.000000;30.000000;32.000000;34.000000;36.000000,
offensiveSlowRunSpeedDurationMin,3.000000,
offensiveSlowDefensiveReductionDurationMin,5.000000,
----
records\xpack3\skills\allmasteries\warfare_clubslam.dbr
----
offensivePhysicalMin,80.000000;101.000000;123.000000;146.000000;170.000000;195.000000;221.000000;248.000000;276.000000;305.000000;335.000000;366.000000;398.000000;431.000000;465.000000;500.000000,
offensivePhysicalMax,100.000000;125.000000;151.000000;178.000000;206.000000;235.000000;265.000000;296.000000;328.000000;361.000000;395.000000;430.000000;466.000000;503.000000;541.000000;580.000000,
--------------------------------------------------------------------------------
records\skills\spirit\deathward.dbr
----
damageAbsorptionPercent,45.000000;52.000000;58.000000;64.000000;69.000000;74.000000;78.000000;82.000000;85.000000;88.000000;90.000000;92.000000,
----
records\skills\spirit\ternion.dbr
----
skillManaCost,23.000000;24.000000;25.000000;26.000000;27.000000;28.000000;29.000000;30.000000;31.000000;32.000000;33.000000;34.000000;35.000000;36.000000;37.000000;38.000000,
offensiveTotalDamageModifier,-60.000000;-56.000000;-52.000000;-48.000000;-44.000000;-40.000000;-36.000000;-32.000000;-28.000000;-24.000000;-20.000000;-16.000000;-12.000000;-8.000000;-4.000000;0.000000,
----
records\skills\spirit\deathchillaura_ravagesoftime.dbr
----
offensiveTotalDamageReductionPercentMin,8.000000;12.000000;15.000000;18.000000;20.000000;23.000000;25.000000;28.000000;30.000000;32.000000;34.000000;36.000000,
----
records\skills\spirit\visionofdeath.dbr
----
offensiveProjectileFumbleDurationMin,3.000000;3.600000;4.200000;4.800000;5.400000;6.000000;7.000000;8.000000;9.000000;10.000000,
offensiveFumbleDurationMin,3.000000;3.600000;4.200000;4.800000;5.400000;6.000000;7.000000;8.000000;9.000000;10.000000,
offensiveTotalDamageReductionPercentMin,6.000000;8.000000;10.000000;13.000000;16.000000;19.000000;22.000000;26.000000;30.000000;34.000000,
offensiveTotalDamageReductionPercentDurationMin,3.000000;3.600000;4.200000;4.800000;5.400000;6.000000;7.000000;8.000000;9.000000;10.000000,
offensiveFearMin,3.000000;3.800000;4.600000;5.400000;6.200000;7.000000;8.200000;9.400000;10.700000;12.000000,
skillManaCost,55.000000;60.000000;65.000000;70.000000;75.000000;80.000000;85.000000;90.000000;95.000000;100.000000,
----
records\skills\spirit\darkcovenantbuff.dbr
----
skillActiveLifeCost,15.000000;16.000000;18.000000;19.000000;21.000000;22.000000;24.000000;25.000000;27.000000;28.000000,
characterManaRegen,9.000000;12.000000;15.000000;18.000000;21.000000;23.000000;25.000000;27.000000;30.000000;33.000000,
----
records\skills\spirit\darkcovenant_unearthlypower.dbr
----
skillActiveLifeCost,10.000000;11.000000;12.000000;13.000000;14.000000;15.000000;16.000000;17.000000;18.000000;19.000000;20.000000;21.000000,
offensiveSlowBleedingModifier,8.000000;14.000000;20.000000;26.000000;32.000000;38.000000;44.000000;50.000000;56.000000;62.000000;68.000000;75.000000,
characterStrengthModifier,15.000000,
characterIntelligenceModifier,15.000000,
----
records\skills\spirit\pet\spiritward_le_circleofpowerbuff.dbr
----
offensiveLifeModifier,50.000000,
offensiveSlowLifeLeachModifier,50.000000,
offensiveSlowBleedingModifier,50.000000,
offensiveTotalDamageModifier,15.000000;18.000000;21.000000;24.000000;27.000000;30.000000;33.000000;36.000000;39.000000;42.000000;45.000000;48.000000;51.000000;54.000000;57.000000;60.000000,
----
records\xpack3\skills\allmasteries\spirit_soulvortex.dbr
----
skillCooldownTime,75.000000,
skillActiveDuration,5.000000,
offensiveTotalResistanceReductionAbsoluteDurationMin,1.000000,
offensiveTotalResistanceReductionAbsoluteMin,12.000000;13.000000;14.000000;15.000000;16.000000;17.000000;18.000000;19.000000;20.000000;21.000000;22.000000;23.000000;24.000000;25.000000,
defensiveSlowManaLeach,80.000000,
defensiveSlowLifeLeach,80.000000,
----
records\skills\spirit\pet\etherlord_direstrike.dbr
----
offensiveElementalMin,86.000000;95.000000;104.000000;114.000000;123.000000;135.000000;145.000000;158.000000;169.000000;183.000000;196.000000;209.000000;223.000000;238.000000;252.000000;268.000000;283.000000;299.000000;315.000000;332.000000,
offensiveElementalMax,132.000000;143.000000;152.000000;162.000000;173.000000;185.000000;197.000000;209.000000;222.000000;237.000000;251.000000;265.000000;279.000000;296.000000;311.000000;327.000000;343.000000;360.000000;377.000000;394.000000,
--------------------------------------------------------------------------------
records\skills\earth\fireenchantmentbuff.dbr
----
offensiveFireMin,5.000000;5.000000;6.000000;6.000000;7.000000;7.000000;8.000000;8.000000;9.000000;10.000000;10.000000;11.000000;12.000000;13.000000;14.000000;15.000000,
offensiveFireMax,8.000000;8.000000;9.000000;9.000000;10.000000;11.000000;12.000000;13.000000;14.000000;15.000000;16.000000;17.000000;18.000000;20.000000;22.000000;24.000000,
offensiveFireModifier,10.000000;16.000000;22.000000;29.000000;35.000000;42.000000;48.000000;54.000000;61.000000;67.000000;74.000000;80.000000;87.000000;95.000000;104.000000;116.000000,
offensiveSlowFireModifier,10.000000;16.000000;22.000000;29.000000;35.000000;42.000000;48.000000;54.000000;61.000000;67.000000;74.000000;80.000000;87.000000;95.000000;104.000000;116.000000,
----
records\skills\earth\fireenchantment_brimstone.dbr
----
offensiveSlowFireMin,7.400000;10.500000;13.900000;17.700000;21.900000;26.300000;31.500000;37.400000;43.900000;51.500000;60.100000;69.800000,
----
records\skills\earth\volatility.dbr
----
offensiveSlowFireModifier,60.000000;66.000000;74.000000;83.000000;90.000000;96.000000;103.000000;113.000000;119.000000;126.000000;133.000000;142.000000;151.000000;162.000000;174.000000;196.000000,
offensiveFireModifier,60.000000;66.000000;74.000000;83.000000;90.000000;96.000000;103.000000;113.000000;119.000000;126.000000;133.000000;142.000000;151.000000;162.000000;174.000000;196.000000,
offensivePhysicalModifier,34.000000;37.000000;41.000000;47.000000;50.000000;54.000000;58.000000;63.000000;67.000000;71.000000;75.000000;80.000000;85.000000;91.000000;98.000000;110.000000,
----
records\skills\earth\heatshieldbuff.dbr
----
skillManaCost,45.000000;50.000000;55.000000;61.000000;66.000000;71.000000;77.000000;82.000000;87.000000;93.000000;98.000000;103.000000;109.000000;114.000000;119.000000;125.000000,
skillActiveDuration,100.000000;110.000000;121.000000;133.000000;146.000000;161.000000;177.000000;195.000000;215.000000;237.000000;261.000000;287.000000;316.000000;348.000000;383.000000;421.000000,
damageAbsorptionPercent,10.000000;15.000000;19.000000;23.000000;27.000000;30.000000;33.000000;36.000000;38.000000;40.000000;42.000000;44.000000;46.000000;48.000000;49.000000;50.000000,
----
records\skills\earth\coredweller_petskill_innerfire.dbr
----
offensiveFireMin,3.500000;5.800000;8.100000;10.400000;12.700000;15.000000;17.300000;20.700000;24.200000;27.600000;31.100000;35.700000,
offensiveFireMax,5.200000;8.600000;12.100000;15.500000;19.000000;22.400000;25.900000;31.100000;36.200000;41.400000;46.600000;53.500000,
characterOffensiveAbility,15.000000;20.000000;25.000000;30.000000;35.000000;40.000000;45.000000;50.000000;55.000000;61.000000;67.000000;75.000000,
characterDexterityModifier,10.000000;11.000000;13.000000;14.000000;16.000000;17.000000;19.000000;21.000000;22.000000;23.000000;24.000000;25.000000,
----
records\skills\earth\coredweller_petskill_wildfire.dbr
----
offensiveSlowFireMin,18.400000;23.000000;27.600000;33.400000;38.000000;42.600000;47.200000;52.900000;57.500000;63.300000;67.900000;74.800000;80.500000;87.400000;95.500000;105.800000;117.300000;130.000000;143.800000;158.700000,
----
records\skills\earth\coredweller_petskill_metamorphosis.dbr
----
characterDefensiveAbility,15.000000;20.000000;25.000000;30.000000;35.000000;40.000000;45.000000;50.000000;55.000000;61.000000;67.000000;75.000000,
----
records\skills\earth\ringofflame.dbr
----
offensiveFireMin,5.200000;8.600000;12.100000;15.500000;20.700000;25.900000;31.100000;36.200000;43.100000;50.000000;56.900000;65.600000;75.900000;88.000000;101.800000;117.300000,
----
records\skills\earth\flamesurge.dbr
----
offensiveFireMin,9.200000;12.700000;15.000000;19.600000;23.000000;26.500000;28.800000;33.400000;36.800000;40.300000;43.700000;49.500000;51.800000;55.200000;61.000000;67.900000,
offensiveFireMax,17.300000;20.700000;25.300000;31.100000;35.700000;39.100000;43.700000;49.500000;54.100000;57.500000;62.100000;67.900000;72.500000;75.900000;80.500000;86.300000,
offensiveSlowDefensiveAbilityMin,5.000000;8.000000;11.000000;14.000000;17.000000;20.000000;22.000000;24.000000;26.000000;28.000000;30.000000;32.000000;34.000000;36.000000;38.000000;40.000000,
----
records\skills\earth\flamesurge_barrage.dbr
----
offensiveSlowFireMin,5.600000;8.400000;11.100000;14.100000;17.100000;20.400000;23.600000;27.600000;31.900000;36.500000;41.300000;46.500000,
offensiveSlowFireMax,15.500000;23.100000;30.700000;39.000000;47.300000;56.200000;65.200000;76.200000;88.000000;100.700000;113.900000;128.300000,
----
records\skills\earth\flamesurge_flamearch.dbr
----
offensiveFireMin,4.600000;6.300000;7.500000;9.800000;11.500000;13.200000;14.400000;16.700000;18.400000;20.100000;21.900000;24.700000;25.900000;27.600000;30.500000;33.900000,
offensiveFireMax,8.600000;10.400000;12.700000;15.500000;17.800000;19.600000;21.900000;24.700000;27.000000;28.800000;31.100000;33.900000;36.200000;38.000000;40.300000;43.100000,
----
records\skills\earth\volcanicorb.dbr
----
offensiveFireMin,28.800000;35.700000;42.600000;49.500000;56.400000;63.300000;70.200000;77.100000;84.000000;90.900000;97.800000;104.700000;111.600000;118.500000;125.400000;132.300000,
offensiveFireMax,62.100000;69.000000;78.200000;85.100000;92.000000;101.200000;108.100000;115.000000;124.200000;131.100000;138.000000;147.200000;154.100000;161.000000;170.200000;177.100000,
----
records\skills\earth\volcanicorb_immolation.dbr
----
offensiveSlowFireMin,10.400000;15.300000;19.900000;26.500000;30.500000;35.400000;40.000000;46.000000;50.600000;55.500000;60.100000;66.700000;70.700000;75.700000;81.100000,
----
records\skills\earth\volcanicorb_fragmentation.dbr
----
offensiveFireMin,13.800000;18.400000;23.000000;28.800000;33.400000;38.000000;42.600000;48.300000;52.900000;57.500000;62.100000;67.900000;72.500000;77.100000;81.700000;87.400000,
----
records\skills\earth\eruption.dbr
----
offensiveFireMin,32.200000;40.300000;47.200000;52.900000;61.000000;67.900000;73.600000;81.700000;88.600000;94.300000;102.400000;109.300000;115.000000;123.100000;130.000000;135.700000,
offensiveFireMax,38.000000;47.200000;55.200000;62.100000;71.300000;79.400000;86.300000;95.500000;103.500000;110.400000;119.600000;128.800000;134.600000;143.800000;151.800000;158.700000,
----
records\xpack3\skills\allmasteries\earth_meteors.dbr
----
dropOffset,12.000000,
numProjectiles,9,
skillManaCost,300.000000;312.000000;321.000000;333.000000;339.000000;351.000000;363.000000;372.000000;384.000000;390.000000;402.000000;414.000000;423.000000;435.000000;441.000000;453.000000;465.000000;474.000000;486.000000;492.000000,
offensiveSlowFireMin,18.400000;23.000000;27.600000;32.200000;36.800000;41.400000;46.000000;50.600000;55.200000;59.800000;64.400000;69.000000;73.600000;78.200000;82.800000;87.400000;92.000000,
----
records\xpack3\skills\allmasteries\earth_firenova.dbr
----
offensiveFireMin,42.900000;48.100000;54.600000;62.400000;71.500000;81.900000;93.600000;106.600000;120.900000;136.500000;153.400000;171.600000,
offensiveSlowFireMin,42.900000;48.100000;54.600000;62.400000;71.500000;81.900000;93.600000;106.600000;120.900000;136.500000;153.400000;171.600000,
offensiveProjectileFumbleMin,14.000000;15.700000;17.300000;20.000000;21.600000;23.300000;26.000000;27.600000;29.300000;32.000000;33.600000;35.300000,
--------------------------------------------------------------------------------
records\skills\nature\regrowth.dbr
----
skillLifeBonus,280.000000;350.000000;430.000000;510.000000;610.000000;720.000000;850.000000;1000.000000;1160.000000;1330.000000;1520.000000;1730.000000;1940.000000;2190.000000;2440.000000;2710.000000;3010.000000;3340.000000;3680.000000;4050.000000,
----
records\skills\nature\regrowth_dissemination.dbr
----
skillLifeBonus,210.000000;260.000000;320.000000;380.000000;460.000000;540.000000;640.000000;750.000000;870.000000;1000.000000;1140.000000;1290.000000;1460.000000;1640.000000;1830.000000;2040.000000;2260.000000;2500.000000;2760.000000;3040.000000,
----
records\skills\nature\briarward_petskill_stingingnettle.dbr
----
retaliationSlowPoisonMin,8.000000;12.800000;17.600000;22.400000;27.200000;32.000000;36.800000;41.600000;46.400000;51.200000;56.000000;60.800000,
retaliationSlowPoisonDurationMin,3.000000,
----
records\skills\nature\sylvannymph_petskill_nature'swrath.dbr
----
offensiveElementalMin,38.000000;46.000000;53.000000;62.000000;69.000000;77.000000;84.000000;93.000000;100.000000;108.000000;115.000000;127.000000;137.000000;150.000000;162.000000;178.000000,
offensiveElementalMax,67.000000;78.000000;90.000000;101.000000;114.000000;127.000000;139.000000;152.000000;164.000000;178.000000;193.000000;209.000000;228.000000;250.000000;275.000000;300.000000,
----
records\skills\nature\briarward_sanctuarybuff.dbr
----
characterLifeRegen,10.000000;12.000000;15.000000;18.000000;22.000000;26.000000;31.000000;36.000000;42.000000;50.000000;57.000000;64.000000,
----
records\skills\nature\plaguebuff.dbr
----
contagionInterval,1.250000,
--------------------------------------------------------------------------------
records\skills\hunting\studypreybuff.dbr
----
defensivePierce,-21.000000;-25.000000;-29.000000;-33.000000;-38.000000;-42.000000;-46.000000;-50.000000;-54.000000;-58.000000;-62.000000;-66.000000,
defensivePhysical,-18.000000;-22.000000;-26.000000;-30.000000;-33.000000;-37.000000;-40.000000;-44.000000;-47.000000;-50.000000;-53.000000;-56.000000,
----
records\skills\hunting\callofthehuntbuff.dbr
----
offensiveSlowBleedingMin,7.300000;8.900000;10.300000;12.100000;13.600000;15.100000;16.600000;18.500000;20.200000;22.200000;24.700000;28.000000,
----
records\skills\hunting\callofthehunt_cunning.dbr
----
offensiveSlowBleedingModifier,46.000000;53.000000;62.000000;68.000000;74.000000;83.000000;90.000000;96.000000;105.000000;111.000000;118.000000;126.000000;133.000000;139.000000;148.000000,
offensivePierceModifier,46.000000;53.000000;62.000000;68.000000;74.000000;83.000000;90.000000;96.000000;105.000000;111.000000;118.000000;126.000000;133.000000;139.000000;148.000000,
----
records\xpack3\skills\allmasteries\hunter_callofthehunt_crits.dbr
----
characterOffensiveAbility,100.000000;140.000000;180.000000;220.000000;260.000000;300.000000;340.000000;380.000000;420.000000;460.000000;500.000000;540.000000,
----
records\skills\hunting\marksmanship.dbr
----
offensivePierceMin,5.000000;9.000000;14.000000;18.000000;23.000000;28.000000;32.000000;38.000000;44.000000;49.000000;56.000000;63.000000;70.000000;77.000000;85.000000;93.000000,
----
records\skills\hunting\marksmanship_punctureshotarrows.dbr
----
RangedOneHand,1,
offensiveTotalDamageModifier,5.000000;7.000000;8.000000;10.000000;11.000000;13.000000;15.000000;17.000000;18.000000;20.000000;22.000000;24.000000;26.000000;28.000000;30.000000;32.000000,
----
records\skills\hunting\marksmanship_scattershotarrows.dbr
----
offensiveSlowBleedingMin,4.600000;7.400000;10.100000;13.500000;16.900000;20.600000;24.500000;29.100000;33.700000;38.600000;43.800000;49.700000;55.800000;62.600000;69.900000;77.900000,
offensivePierceMin,5.400000;8.600000;11.900000;15.800000;19.800000;24.100000;28.800000;34.200000;39.600000;45.400000;51.500000;58.300000;65.500000;73.400000;82.100000;91.400000,
----
records\skills\hunting\takedown.dbr
----
offensivePierceMin,29.000000;41.000000;55.000000;71.000000;83.000000;94.000000;105.000000;118.000000;129.000000;140.000000;151.000000;164.000000;175.000000;186.000000;199.000000;215.000000,
----
records\skills\hunting\takedown_eviscerate.dbr
----
offensiveSlowBleedingMin,31.600000;43.100000;57.500000;69.000000;80.500000;94.900000;106.400000;117.900000;132.300000;143.800000;155.300000;169.600000;181.100000;192.600000;207.000000;230.000000,
offensiveSlowDefensiveReductionMin,31.600000;43.100000;57.500000;69.000000;80.500000;94.900000;106.400000;117.900000;132.300000;143.800000;155.300000;169.600000;181.100000;192.600000;207.000000;230.000000,
offensiveSlowDefensiveReductionDurationMin,3.000000,
----
records\skills\hunting\weaponskill_gouge.dbr
----
skillChanceWeight,8;10;12;14;16;17;18;19;20;22,
offensiveSlowBleedingMin,27.600000;41.400000;56.900000;74.200000;93.200000;113.900000;136.300000;160.400000;186.300000;215.600000,
----
records\skills\hunting\artofthehuntbuff.dbr
----
offensiveSlowBleedingModifier,12.000000;14.000000;17.000000;19.000000;22.000000;24.000000;26.000000;29.000000;31.000000;34.000000;36.000000;38.000000;41.000000;43.000000;46.000000;48.000000,
offensivePierceModifier,10.000000;14.000000;18.000000;24.000000;27.000000;32.000000;36.000000;42.000000;45.000000;50.000000;54.000000;60.000000;66.000000;73.000000;81.000000;92.000000,
----
records\skills\hunting\artofthehunt_trailblazing.dbr
----
defensiveTrap,80.000000,
----
records\skills\hunting\monsterlure_petskill_detonate.dbr
----
offensiveStunMin,1.000000;1.100000;1.200000;1.300000;1.400000;1.500000;1.600000;1.700000;1.800000;1.900000;2.000000;2.100000;2.200000;2.300000;2.400000;2.500000,
offensivePhysicalMin,58.000000;66.000000;75.000000;86.000000;94.000000;102.000000;111.000000;122.000000;130.000000;138.000000;147.000000;158.000000;166.000000;174.000000;183.000000;194.000000,
offensivePhysicalMax,73.000000;83.000000;94.000000;108.000000;118.000000;128.000000;139.000000;153.000000;163.000000;173.000000;184.000000;198.000000;208.000000;218.000000;229.000000;243.000000,
----
records\xpack3\skills\allmasteries\hunter_speardance.dbr
----
offensivePhysicalModifier,-12.000000;-8.000000;-4.000000;0.000000;4.000000;8.000000;12.000000;16.000000;20.000000;24.000000;28.000000;32.000000;36.000000;40.000000;45.000000;50.000000,
--------------------------------------------------------------------------------
records\xpack2\skills\runemaster\runeweapon.dbr
----
skillChargeDuration,2.100000;2.050000;2.000000;1.900000;1.800000;1.700000;1.600000;1.500000;1.400000;1.300000;1.200000;1.100000;1.050000;1.000000,
characterIntelligenceModifier,8.000000;16.000000;24.000000;32.000000;40.000000;48.000000;56.000000;64.000000;72.000000;80.000000;88.000000;96.000000;104.000000;112.000000,
----
records\xpack2\skills\runemaster\shamanrage.dbr
----
skillCooldownTime,8.000000,
----
records\xpack2\skills\runemaster\forceshieldbuff.dbr
----
damageAbsorption,160.000000;300.000000;475.000000;694.000000;968.000000;1310.000000;1740.000000;2280.000000;2940.000000;3780.000000;4820.000000;6120.000000,
skillManaCost,80.000000;115.000000;159.000000;214.000000;282.000000;368.000000;475.000000;608.000000;775.000000;984.000000;1244.000000;1570.000000,
----
records\xpack2\skills\runemaster\manaabsorb.dbr
----
retaliationSlowManaLeachMin,12.000000;18.000000;24.000000;30.000000;35.000000;40.000000;45.000000;50.000000;54.000000;58.000000;62.000000;66.000000,
characterEnergyAbsorptionPercent,23.000000;33.000000;42.000000;50.000000;57.000000;63.000000;68.000000;72.000000;76.000000;79.000000;82.000000;84.000000,
characterDefensiveBlockRecoveryReduction,15.000000;22.000000;29.000000;35.000000;41.000000;46.000000;51.000000;55.000000;59.000000;62.000000;65.000000;67.000000,
----
records\xpack3\skills\allmasteries\rune_magicmaelstrom.dbr
----
offensivePhysicalMin,30.000000;46.000000;62.000000;78.000000;94.000000;110.000000;126.000000;143.000000;160.000000;177.000000,
retaliationElementalMin,20.000000;30.000000;40.000000;50.000000;60.000000;70.000000;80.000000;90.000000;100.000000;110.000000,
offensiveSlowFireMin,0.000000,
offensiveSlowLightningMin,0.000000,
offensiveSlowColdMin,0.000000,
offensiveFumbleMin,0.000000,
offensiveProjectileFumbleMin,0.000000,
offensiveSlowLightningChance,0.000000,
offensiveSlowColdChance,0.000000,
offensiveSlowFireChance,0.000000,
offensiveSlowFireXOR,0,
offensiveSlowLightningXOR,0,
offensiveSlowColdXOR,0,
offensiveStunChance,25.000000,
offensiveDisruptionChance,25.000000,
offensiveConfusionChance,25.000000,
offensiveFearChance,25.000000,
----
records\xpack2\skills\runemaster\menhiraltar.dbr
----
skillCooldownTime,180.000000,
--------------------------------------------------------------------------------
records\skills\defensive\concussiveblow.dbr
----
offensiveStunMin,1.000000;1.200000;1.400000;1.600000;1.800000;2.000000;2.200000;2.400000;2.600000;2.800000;3.000000;3.200000,
offensiveStunModifier,10.000000;15.000000;20.000000;26.000000;32.000000;39.000000;46.000000;54.000000;62.000000;71.000000;80.000000;90.000000,
offensiveStunChance,5.000000;5.000000;5.000000;6.000000;6.000000;6.000000;7.000000;7.000000;7.000000;8.000000;8.000000;8.000000,
offensivePhysicalModifier,33.000000,
offensivePhysicalModifierChance,5.000000;5.000000;5.000000;6.000000;6.000000;6.000000;7.000000;7.000000;7.000000;8.000000;8.000000;8.000000,
----
records\skills\defensive\battleawarenessbuff.dbr
----
defensiveProtection,4.000000;6.000000;8.000000;11.000000;14.000000;18.000000;22.000000;26.000000;31.000000;36.000000;42.000000;48.000000;54.000000;62.000000;71.000000;80.000000,
----
records\skills\defensive\battleawareness_ironwill.dbr
----
defensiveTrap,20.000000;30.000000;39.000000;48.000000;56.000000;64.000000;71.000000;78.000000;80.000000;80.000000,
defensiveSleep,20.000000;30.000000;39.000000;48.000000;56.000000;64.000000;71.000000;78.000000;80.000000;80.000000,
defensiveDisruption,20.000000;30.000000;39.000000;48.000000;56.000000;64.000000;71.000000;78.000000;80.000000;80.000000,
defensiveFreeze,20.000000;30.000000;39.000000;48.000000;56.000000;64.000000;71.000000;78.000000;80.000000;80.000000,
defensiveConvert,20.000000;30.000000;39.000000;48.000000;56.000000;64.000000;71.000000;78.000000;80.000000;80.000000,
defensiveStun,20.000000;30.000000;39.000000;48.000000;56.000000;64.000000;71.000000;78.000000;80.000000;80.000000,
----
records\xpack3\skills\allmasteries\defense_activeblock.dbr
----
skillActiveDuration,1.200000,
retaliationStunMin,1.000000;1.000000;1.100000;1.100000;1.200000;1.200000;1.300000;1.300000;1.400000;1.400000,
retaliationStunMax,2.000000;2.100000;2.200000;2.300000;2.400000;2.500000;2.600000;2.700000;2.800000;2.800000,
characterAttackSpeedModifier,0.000000,
characterSpellCastSpeedModifier,0.000000,
----
records\skills\defensive\batter.dbr
----
offensivePhysicalModifier,5.000000;6.000000;8.000000;9.000000;11.000000;13.000000;15.000000;17.000000;19.000000;22.000000;25.000000;28.000000;31.000000;34.000000;38.000000;42.000000,
offensiveSlowAttackSpeedMin,18.000000;20.000000;23.000000;25.000000;30.000000;33.000000;35.000000;38.000000;40.000000;45.000000;48.000000;50.000000;53.000000;55.000000;60.000000;63.000000,
offensiveSlowAttackSpeedDurationMin,5.000000,
----
records\skills\defensive\weaponpool_shieldsmash.dbr
----
offensiveSlowDefensiveAbilityMin,40.000000,
----
records\skills\defensive\weaponpool_disable.dbr
----
offensiveSlowAttackSpeedMin,0.000000,
offensiveSlowAttackSpeedDurationMin,0.000000,
offensiveSlowTotalSpeedMin,30.000000,
offensiveSlowTotalSpeedDurationMin,5.000000,
----
records\skills\defensive\weaponpool_pulverize.dbr
----
offensiveSlowOffensiveAbilityMin,40.000000,
--------------------------------------------------------------------------------
records\skills\storm\spellbreaker.dbr
----
offensiveElementalMin,10.000000;20.000000;30.000000;40.000000;50.000000;60.000000;70.000000;80.000000;90.000000;100.000000,
----
records\skills\storm\lightningbolt.dbr
----
offensiveLightningMin,59.000000;72.000000;85.000000;99.000000;112.000000;125.000000;138.000000;152.000000;164.000000;178.000000;191.000000;205.000000;217.000000;233.000000;251.000000;275.000000,
offensiveLightningMax,125.000000;153.000000;179.000000;205.000000;232.000000;259.000000;284.000000;312.000000;338.000000;363.000000;391.000000;417.000000;444.000000;475.000000;513.000000;559.000000,
----
records\skills\storm\lightningbolt_chainlightning.dbr
----
offensiveStunMin,0.700000,
offensiveLightningMin,36.000000;47.000000;61.000000;75.000000;85.000000;99.000000;110.000000;123.000000;135.000000;147.000000;159.000000;173.000000;189.000000;206.000000;227.000000;250.000000,
offensiveLightningMax,61.000000;79.000000;97.000000;116.000000;132.000000;150.000000;167.000000;187.000000;204.000000;221.000000;238.000000;260.000000;282.000000;308.000000;337.000000;373.000000,
----
records\skills\storm\iceshard.dbr
----
offensiveColdMin,18.000000;23.000000;26.000000;32.000000;37.000000;41.000000;45.000000;51.000000;55.000000;60.000000;63.000000;69.000000;76.000000;84.000000;93.000000;104.000000,
offensiveColdMax,29.000000;36.000000;41.000000;49.000000;54.000000;61.000000;67.000000;74.000000;78.000000;84.000000;89.000000;95.000000;104.000000;113.000000;123.000000;136.000000,
----
records\skills\storm\iceshard_velocity.dbr
----
offensiveColdModifier,0.000000,
offensiveColdMin,16.000000;21.000000;23.000000;29.000000;33.000000;37.000000;41.000000;46.000000;50.000000;54.000000;57.000000;62.000000,
----
records\skills\storm\iceshard_torrent.dbr
----
offensiveSlowColdMin,9.000000;16.000000;22.000000;30.000000;39.000000;48.000000;59.000000;71.000000;85.000000;102.000000;121.000000;141.000000,
----
records\skills\storm\thunderball.dbr
----
offensiveStunMin,1.500000;1.800000;2.100000;2.400000;2.700000;3.000000;3.300000;3.600000;3.900000;4.200000;4.500000;4.800000;5.100000;5.400000;5.700000;6.000000,
offensiveSlowDefensiveAbilityDurationMin,1.500000;1.800000;2.100000;2.400000;2.700000;3.000000;3.300000;3.600000;3.900000;4.200000;4.500000;4.800000;5.100000;5.400000;5.700000;6.000000,
offensiveLightningMin,16.000000;25.000000;37.000000;51.000000;60.000000;69.000000;81.000000;94.000000;104.000000;113.000000;124.000000;138.000000;147.000000;156.000000;168.000000;182.000000,
offensiveLightningMax,37.000000;52.000000;64.000000;82.000000;94.000000;109.000000;122.000000;139.000000;152.000000;167.000000;179.000000;197.000000;209.000000;224.000000;237.000000;254.000000,
----
records\skills\storm\thunderball_concussiveblast.dbr
----
offensiveStunMin,1.000000;1.300000;1.600000;1.900000;2.200000;2.500000;2.800000;3.100000;3.400000;3.700000;4.100000;4.500000,
offensiveLightningMin,7.000000;14.000000;21.000000;28.000000;35.000000;41.000000;48.000000;55.000000;62.000000;69.000000;78.000000;90.000000,
offensiveLightningMax,25.000000;37.000000;51.000000;62.000000;74.000000;87.000000;99.000000;110.000000;127.000000;143.000000;161.000000;184.000000,
----
records\skills\storm\pet\zap.dbr
----
offensiveLightningMin,7.000000;10.000000;13.000000;17.000000;20.000000;24.000000;28.000000;33.000000;37.000000;41.000000;46.000000;53.000000;58.000000;63.000000;68.000000;76.000000;82.000000;90.000000;98.000000;109.000000,
offensiveLightningMax,29.000000;32.000000;36.000000;39.000000;44.000000;47.000000;51.000000;55.000000;59.000000;63.000000;67.000000;71.000000;76.000000;79.000000;85.000000;90.000000;95.000000;101.000000;108.000000;116.000000,
----
records\skills\storm\pet\staticnova.dbr
----
offensiveLightningMin,41.000000;47.000000;52.000000;58.000000;63.000000;69.000000;75.000000;81.000000;87.000000;98.000000;108.000000;123.000000;139.000000;159.000000;182.000000;208.000000;220.000000;231.000000;245.000000;270.000000,
offensiveLightningMax,59.000000;66.000000;75.000000;84.000000;92.000000;101.000000;109.000000;120.000000;130.000000;145.000000;161.000000;183.000000;205.000000;233.000000;266.000000;305.000000;321.000000;339.000000;358.000000;378.000000,
offensiveStunMin,0.500000;0.550000;0.600000;0.650000;0.700000;0.750000;0.800000;0.850000;0.900000;0.950000;1.000000;1.050000;1.100000;1.150000;1.200000;1.250000;1.300000;1.350000;1.400000;1.450000,
----
records\skills\storm\stormwisp_petskill_eyeofthestormbuff.dbr
----
offensiveElementalModifier,24.000000;32.000000;40.000000;48.000000;56.000000;64.000000;72.000000;81.000000;90.000000;99.000000;109.000000;120.000000,
defensiveElementalResistance,8.000000;10.000000;12.000000;14.000000;16.000000;18.000000;20.000000;22.000000;24.000000;26.000000;28.000000;30.000000,
defensiveLightning,0.000000,
defensiveCold,0.000000,
----
records\xpack3\skills\allmasteries\storm_stormwisp_petskill_arcingchaos.dbr
----
offensiveStunMin,0.500000;0.500000;0.550000;0.550000;0.600000;0.600000;0.650000;0.650000;0.700000;0.700000;0.750000;0.750000,
offensiveLightningMin,35.000000;46.000000;58.000000;70.000000;83.000000;95.000000;109.000000;124.000000;140.000000;159.000000;177.000000;197.000000,
offensiveLightningMax,121.000000;153.000000;186.000000;221.000000;256.000000;293.000000;331.000000;370.000000;414.000000;460.000000;507.000000;559.000000,
skillHitSound,records\xpack3\sounds\soundpak\playerskills\arcingchaoshitpak.dbr,
----
records\skills\storm\squall.dbr
----
offensiveLightningChance,20.000000;22.000000;24.000000;26.000000;28.000000;30.000000;32.000000;34.000000;36.000000;38.000000;40.000000;42.000000;44.000000;46.000000;48.000000;50.000000,
offensiveLightningMin,9.000000;12.000000;16.000000;19.000000;23.000000;26.000000;30.000000;33.000000;37.000000;41.000000;45.000000;49.000000;53.000000;57.000000;61.000000;65.000000,
offensiveLightningMax,25.000000;29.000000;33.000000;37.000000;41.000000;45.000000;49.000000;53.000000;57.000000;62.000000;66.000000;71.000000;75.000000;80.000000;84.000000;89.000000,
offensiveSlowColdMin,3.400000;4.500000;5.900000;7.300000;9.000000;10.700000;12.600000;14.600000;16.900000;19.600000;22.200000;25.200000;28.200000;31.500000;34.800000;38.500000,
offensiveSlowColdDurationMin,2.000000,
projectileExplosionRadius,5.000000;5.600000;6.200000;6.800000;7.400000;7.900000;8.400000;8.900000;9.300000;9.700000;10.100000;10.400000;10.700000;11.000000;11.000000;11.000000,
skillProjectileName,Records\Effects\Storm\343_Skill_Squall_Low.dbr;Records\Effects\Storm\343_Skill_Squall_Low.dbr;Records\Effects\Storm\343_Skill_Squall_Low.dbr;Records\Effects\Storm\343_Skill_Squall_Low.dbr;Records\Effects\Storm\343_Skill_Squall_Medium.dbr;Records\Effects\Storm\343_Skill_Squall_Medium.dbr;Records\Effects\Storm\343_Skill_Squall_Medium.dbr;Records\Effects\Storm\343_Skill_Squall_Medium.dbr;Records\Effects\Storm\343_Skill_Squall_Medium.dbr;Records\Effects\Storm\343_Skill_Squall.dbr;Records\Effects\Storm\343_Skill_Squall.dbr;Records\Effects\Storm\343_Skill_Squall.dbr;Records\Effects\Storm\343_Skill_Squall.dbr;Records\Effects\Storm\343_Skill_Squall.dbr;Records\Effects\Storm\343_Skill_Squall.dbr;Records\Effects\Storm\343_Skill_Squall.dbr,
----
records\effects\storm\343_skill_squall_low.dbr
----
scale,2.200000,
----
records\effects\storm\343_skill_squall_medium.dbr
----
scale,2.050000,
----
records\effects\storm\343_skill_squall.dbr
----
scale,1.800000,
----
records\skills\storm\squall_obscuredvisibility.dbr
----
offensiveSlowOffensiveAbilityMin,0.000000,
offensiveTotalDamageReductionPercentMin,8.000000;12.000000;16.000000;20.000000;23.000000;26.000000;29.000000;32.000000;34.000000;36.000000,
offensiveTotalResistanceReductionPercentMin,10.000000;13.000000;17.000000;21.000000;25.000000;29.000000;33.000000;37.000000;41.000000;45.000000,
----
records\skills\storm\stormnimbus.dbr
----
offensiveColdMin,6.400000;9.600000;12.800000;16.000000;19.200000;22.400000;26.400000;30.400000;34.400000;38.400000;43.200000;48.000000;53.600000;59.200000,
offensiveLightningMin,3.200000;4.800000;6.400000;8.000000;9.600000;11.200000;13.200000;15.200000;17.200000;19.200000;21.600000;24.000000;26.800000;29.600000,
offensiveLightningMax,16.000000;24.000000;32.000000;40.000000;48.000000;56.000000;66.000000;76.000000;86.000000;96.000000;108.000000;120.000000;134.000000;148.000000,
----
records\skills\storm\stormnimbus_petbonus_le.dbr
----
offensiveColdMin,3.200000;4.800000;6.400000;8.000000;9.600000;11.200000;13.200000;15.200000;17.200000;19.200000;21.600000;24.000000;26.800000;29.600000,
offensiveLightningMin,1.600000;2.400000;3.200000;4.000000;4.800000;5.600000;6.600000;7.600000;8.600000;9.600000;10.800000;12.000000;13.400000;14.800000,
offensiveLightningMax,8.000000;12.000000;16.000000;20.000000;24.000000;28.000000;33.000000;38.000000;43.000000;48.000000;54.000000;60.000000;67.000000;74.000000,
----
records\skills\storm\stormnimbus_heartoffrost.dbr
----
offensiveColdModifier,10.000000;14.000000;18.000000;22.000000;26.000000;30.000000;35.000000;40.000000;45.000000;50.000000;55.000000;60.000000,
offensiveSlowColdModifier,10.000000;14.000000;18.000000;22.000000;26.000000;30.000000;35.000000;40.000000;45.000000;50.000000;55.000000;60.000000,
----
records\skills\storm\stormnimbus_staticcharge.dbr
----
offensiveLightningModifier,10.000000;14.000000;18.000000;22.000000;26.000000;30.000000;35.000000;40.000000;45.000000;50.000000;55.000000;60.000000;65.000000;70.000000;75.000000;80.000000,
offensiveSlowLightningModifier,10.000000;14.000000;18.000000;22.000000;26.000000;30.000000;35.000000;40.000000;45.000000;50.000000;55.000000;60.000000;65.000000;70.000000;75.000000;80.000000,
----
records\skills\storm\stormsurge.dbr
----
offensiveColdMin,29.900000;35.900000;43.000000;51.400000;58.600000;64.500000;71.700000;80.100000;87.300000;95.600000;105.200000;115.900000;127.900000;141.000000;155.400000;173.300000,
offensiveLightningMin,10.000000;12.000000;14.300000;17.100000;19.500000;21.500000;23.900000;26.700000;29.100000;31.900000;35.100000;38.600000;42.600000;47.000000;51.800000;57.800000,
offensiveLightningMax,49.800000;59.800000;71.700000;85.700000;97.700000;107.500000;119.500000;133.500000;145.500000;159.300000;175.300000;193.200000;213.200000;235.000000;259.000000;288.800000,
----
records\xpack3\skills\allmasteries\storm_flash.dbr
----
offensiveLightningMin,4.700000;6.300000;8.000000;9.700000;11.700000;13.700000;16.000000;18.300000;21.000000;23.700000,
offensiveLightningMax,23.300000;25.700000;28.000000;30.300000;34.300000;38.300000;44.000000;49.700000;57.000000;64.300000,
offensiveLightningGlobal,0,
skillTargetAngle,45.000000,
skillTargetNumber,2,
----
records\skills\storm\freezingblastbuff.dbr
----
offensiveSlowColdMin,3.500000;7.100000;10.900000;14.700000;18.700000;22.700000;26.800000;31.000000;35.400000;40.000000;44.900000;50.000000,
----
records\skills\storm\energyshieldbuff.dbr
----
skillManaCost,60.000000;67.000000;73.000000;81.000000;88.000000;95.000000;103.000000;109.000000;116.000000;124.000000;131.000000;137.000000;145.000000;152.000000;159.000000;167.000000,
skillActiveDuration,100.000000;110.000000;121.000000;133.000000;146.000000;161.000000;177.000000;195.000000;215.000000;237.000000;261.000000;287.000000;316.000000;348.000000;383.000000;421.000000,
damageAbsorptionPercent,13.000000;16.000000;21.000000;26.000000;31.000000;35.000000;39.000000;43.000000;46.000000;49.000000;52.000000;55.000000;58.000000;61.000000;63.000000;65.000000,
--------------------------------------------------------------------------------
records\xpack\skills\dream\tranceofempathybuff.dbr
----
offensiveLifeLeechMin,3.000000;3.000000;3.000000;3.000000;3.000000;4.000000;4.000000;4.000000;4.000000;4.000000;5.000000;5.000000;5.000000;5.000000;5.000000;5.000000,
offensiveLifeLeechMax,10.000000;10.000000;10.000000;11.000000;11.000000;11.000000;12.000000;12.000000;12.000000;13.000000;13.000000;13.000000;14.000000;14.000000;14.000000;15.000000,
----
records\xpack\skills\dream\tranceofconvalescencebuff.dbr
----
characterLifeRegen,2.000000;3.000000;4.000000;5.000000;6.000000;7.000000;8.000000;9.000000;10.000000;11.000000;12.000000;13.000000;14.000000;16.000000;18.000000;20.000000,
characterManaRegen,1.000000;1.200000;1.400000;1.600000;1.800000;2.100000;2.400000;2.700000;3.000000;3.400000;3.800000;4.200000;4.600000;5.000000;5.500000;6.000000,
----
records\xpack\skills\dream\tranceofwrath.dbr
----
offensiveSlowLightningMin,7.500000;10.800000;14.000000;17.600000;21.000000;24.600000;28.900000;33.000000;37.500000;42.200000;46.900000;52.400000;58.200000;63.900000;70.200000;76.200000,
----
records\xpack\skills\dream\luciddream_temporalflux.dbr
----
characterTotalSpeedModifier,4.000000;6.000000;8.000000;10.000000;12.000000;14.000000;15.000000;16.000000;18.000000;20.000000,
----
records\xpack3\skills\allmasteries\dream_summoncopy.dbr
----
spawnObjectsTimeToLive,12.000000;13.000000;14.500000;16.000000;17.500000;19.000000;21.000000;23.000000;25.000000;27.000000;28.500000;30.000000,
----
records\xpack\skills\dream\nightmare_petskill_mastermindbuff.dbr
----
characterLifeRegenModifier,12.000000;18.000000;24.000000;30.000000;36.000000;42.000000;48.000000;54.000000;60.000000;66.000000;72.000000;78.000000,
characterManaRegenModifier,12.000000;18.000000;24.000000;30.000000;36.000000;42.000000;48.000000;54.000000;60.000000;66.000000;72.000000;78.000000,
offensiveTotalDamageModifier,2.000000;4.000000;6.000000;8.000000;10.000000;12.000000;14.000000;16.000000;18.000000;20.000000;22.000000;24.000000,
----
records\xpack\skills\dream\psionictouch_psionicburn.dbr
----
offensiveSlowLightningMin,10.400000;16.300000;20.100000;24.300000;28.600000;33.200000;38.100000;43.200000;48.800000;54.500000;60.700000;67.200000,
----
records\xpack3\skills\allmasteries\dream_psionictouch_staffbeammod.dbr
----
skillChargeLevel,-1;-1;-1;-1;-1;-2;-2;-2;-2;-2,
----
records\xpack\skills\dream\phantomstrike.dbr
----
characterRunSpeedModifier,100.000000,
----
records\xpack\skills\dream\distortreality_temporalrift.dbr
----
offensiveSlowLightningMin,41.400000;49.100000;57.500000;66.000000;75.200000;85.100000;94.300000;105.900000;116.600000;128.100000;140.400000;152.600000;165.700000;179.500000;193.300000;207.900000,
----
records\xpack\skills\dream\distortionwave.dbr
----
offensivePhysicalMin,15.000000;23.000000;32.000000;41.000000;52.000000;64.000000;78.000000;94.000000;111.000000;132.000000;154.000000;179.000000;205.000000;234.000000;266.000000;300.000000,
----
records\xpack\skills\dream\distortionwave_chaoticresonance.dbr
----
offensivePhysicalMin,0.000000,
offensivePhysicalModifier,14.000000;20.000000;26.000000;32.000000;38.000000;44.000000;50.000000;55.000000;60.000000;65.000000;70.000000;75.000000,
----
records\xpack\skills\dream\distortionwave_psionicimmolation.dbr
----
offensiveSlowLightningMin,27.600000;37.100000;47.000000;57.300000;68.000000;79.100000;90.700000;102.800000;115.300000;128.500000;142.100000;156.400000;171.400000;187.000000;203.300000;220.600000,
